input,A,B,C,D,multichoice,model_output,correctness
乙公司委托甲公司研发某产品，甲公司指定员工吕某承担此项研发任务，吕某在研发过程中完成了一项发明创造。在没有任何约定的情形下，该发明创造申请专利的权利属于谁？,吕某,甲公司,乙公司,甲公司和乙公司,False,D. 甲公司和乙公司,0
甲乙二人于 2014 年 5 月 10 日就同样的面包机分别提出了发明专利申请， 如果甲乙二人的专利申请均符合其他授予专利权的条件，则专利权应当授予谁？,甲,乙,甲和乙共有,经甲和乙协商确定的人,False,D. 经甲和乙协商确定的人,1
甲公司是一家光缆设备公司，王某是甲公司负责光缆设备研发的技术人员。王某在 2011年3 月从甲公司离职，并加入了乙公司。乙公司 2012 年 1 月就王某发明的一项光缆设备技术提交了一件专利申请，并获得专利权。下列说法哪个是正确的？,专利权应归甲公司所有,专利权应归乙公司所有,专利权应归甲公司和乙公司共同所有,王某及乙公司负责人有权主张在专利文件中写明自己是发明人,False,C. 专利权应归甲公司和乙公司共同所有,0
下列哪个属于可以授予专利权的主题？,伪造人民币的设备,快速记忆德语动词规则的方法,促进种子发芽的红外光,原子核裂变的反应器,False,C. 促进种子发芽的红外光,0
下列哪个属于实用新型专利保护的客体？,一种复合齿轮，其特征在于将熔制的钢水浇铸到齿模内，冷却、保温后而成,一种药膏，其特征在于包含凡士林 5%-20%、尿素 10%-30%、水杨酸 8%-30%,一种建筑沙子，其特征在于将其堆积成圆台状,一种葫芦容器，其特征在于容器主体为葫芦型，容器上口内镶有衬套,False,"A. 一种复合齿轮,其特征在于将熔制的钢水浇铸到齿模内,冷却、保温后而成",0
张某和刘某同日就同样的吸尘器分别向国家知识产权局提交了一件发明专利申请。 在下列哪个情形下，张某和刘某的专利申请所要求保护的技术方案构成同样的发明创造？,张某的申请请求保护吸尘器 X，刘某的申请请求保护吸尘器 X’，X 与 X’的区别仅仅是所属技术领域的惯用手段的直接置换,张某的申请请求保护吸尘器 X，刘某的申请请求保护包括吸尘器 X 的清洁系统 Y,张某的申请请求保护吸尘器 X，刘某的申请请求保护吸尘器 X 及包括吸尘器 X 的清洁系统Y,张某的申请请求保护吸尘器 X，刘某的申请请求保护吸尘器 X 在清洁系统 Y 中的应用,False,"B. 张某的申请请求保护吸尘器 X,刘某的申请请求保护包括吸尘器 X 的清洁系统 Y。",0
下列说法哪个是错误的？,如果一项发明与现有技术相比具有预料不到的技术效果，则该发明具备创造性,如果一项发明与现有技术相比不具有预料不到的技术效果，则该发明一定不具备创造性,对发明创造性的评价应当针对权利要求限定的技术方案进行， 未写入权利要求中的技术特征不予考虑,如果发明仅是从一些已知的可能性中进行选择， 而选出的方案未能取得预料不到的技术效果，则该发明不具备创造性,False,"B. 如果一项发明与现有技术相比不具有预料不到的技术效果,则该发明一定不具备创造性",1
下列哪个发明名称符合相关规定？,一种苹果牌手机,一种治疗乙型肝炎的药物及其制备方法,一种 F-2 痤疮治疗仪,一种降低能耗的技术,False,B. 一种治疗乙型肝炎的药物及其制备方法,1
以下关于实用性的观点哪个是正确的？,发明的实用性，是指其申请的主题必须能够在产业上制造或者使用，并能够产生积极效果,发明必须相对于现有技术产生了更好的技术效果才具备实用性,一项发明的市场销售状况不好，可以确定该发明不具备实用性,一项发明在实施过程中成品率低，可以确定该发明不具备实用性,False,"A.发明的实用性,是指其申请的主题必须能够在产业上制造或者使用,并能够产生积极效果",1
关于涉及遗传资源的专利申请，下列说法哪个是错误的？,对违反法律的规定获取遗传资源，并依赖该遗传资源完成的发明创造，不授予专利权,对违反行政法规的规定利用遗传资源，并依赖该遗传资源完成的发明创造，不授予专利权,依赖遗传资源完成的发明创造， 申请人应当在专利申请文件中说明遗传资源的直接来源和原始来源,依赖遗传资源完成的发明创造，申请人无法说明直接来源的，应当在申请文件中陈述理由,False,"对违反行政法规的规定利用遗传资源,并依赖该遗传资源完成的发明创造,申请人应当说明该遗传资源的直接来源和原始来源,或者提供经国务院专利行政部门许可的遗传资源。依赖遗传资源完成的发明创造,申请人无法说明直接来源的,应当在申请文件中陈述理由,根据本领域普通技术水平作出说明。",0
关于涉及生物材料的专利申请，下列哪个情形是符合生物材料保藏要求的？,申请人自申请日起第 2 个月在国家知识产权局认可的保藏单位进行了生物保藏， 并提交了保藏及存活证明,申请人于申请日前 2 个月在国家知识产权局认可的保藏单位进行了生物保藏， 自申请日起第6 个月提交了保藏及存活证明,申请人于申请日前半个月在国家知识产权局认可的保藏单位进行了生物保藏， 自申请日起第2 个月提交了保藏及存活证明,为防止泄密，申请人于申请日前 2 个月在其学校的国家重点生物实验室自行进行了生物保藏，自申请日起第 2 个月提交了保藏及存活证明,False,"D.为防止泄密,申请人于申请日前 2 个月在其学校的国家重点生物实验室自行进行了生物保藏,自申请日起第 2 个月提交了保藏及存活证明",0
下列写入外观设计专利申请简要说明中的内容，哪个是错误的？,外观设计产品名称是沙发,产品内部设有加热装置,省略仰视图,本外观设计的形状是设计要点,False,"A.外观设计产品名称是沙发
B. 产品内部设有加热装置
C. 省略仰视图
D. 本外观设计的形状是设计要点
答案:B. 产品内部设有加热装置",0
在下列哪个情形下，国家知识产权局将重新确定申请日？,甲通过邮局寄交的专利申请， 因邮戳不清，国家知识产权局以收到日作为申请日， 甲于收到受理通知书一个月后提交了邮局出具的寄出日期有效证明,乙的实用新型专利申请的说明书中写有对附图 3 的说明，但缺少相关附图， 接到审查员发出的补正通知后，乙删除了该附图说明,丙提交的发明专利申请文件中缺少说明书摘要，一个月后丙补交了说明书摘要,丁提出的分案申请请求书中原案申请日填写错误，三天后经补正符合规定,False,"B. 乙的实用新型专利申请的说明书中写有对附图3的说明,但缺少相关附图,接到审查员发出的补正通知后,乙删除了该附图说明",0
下列说法哪个是正确的？,国务院专利行政部门负责管理全国的专利工作,专利复审委员会负责受理针对专利权评价报告的更正请求,国务院专利行政部门设立的专利代办处受理所有专利申请,基层人民法院负责管辖本辖区内的专利纠纷第一审案件,False,"A.国务院专利行政部门负责管理全国的专利工作
B.专利复审委员会负责受理针对专利权评价报告的更正请求
C.国务院专利行政部门设立的专利代办处受理所有专利申请
D.基层人民法院负责管辖本辖区内的专利纠纷第一审案件",0
关于委托专利代理机构办理专利事务，下列说法哪个是正确的？,在中国内地没有营业所的澳门公司在中国申请专利的，可以不委托专利代理机构,上海某国有企业作为第一署名申请人与某英国公司共同在中国申请专利的， 应当委托专利代理机构,在中国内地没有经常居所的香港人在中国申请专利的，应当委托专利代理机构,委托专利代理机构申请专利的，仅限委托一家专利代理机构且不可更换,False,"C. 在中国内地没有经常居所的香港人在中国申请专利的,应当委托专利代理机构。",1
一件享有外国优先权的发明专利申请，优先权日为 2011年 2 月 20 日，申请日为 2012 年 2月 7 日。下列说法哪个是错误的？,该申请自 2012 年 2 月 7 日起满十八个月即行公布,申请人提出实质审查请求的期限为自 2011年 2月 20 日起三年,如果该项专利申请被授予专利权，则其保护期限自 2012年 2 月 7 日起算,2011年 2 月 20 日以前公开的相关技术属于该发明专利申请的现有技术,False,D.2011年2月20日以前公开的相关技术属于该发明专利申请的现有技术,0
申请人向国家知识产权局邮寄了一件专利申请，寄出的邮戳日为 2015年 3月 6 日。国家知识产权局于 2015 年 3 月 8 日收到了该申请，并于同日发出了受理通知书。申请人于 2015 年 3月 10 日收到了该受理通知书。申请人最迟应当在哪一天缴纳申请费？,2015年 3 月 25 日,2015年 4 月 7 日,2015 年 5 月 6 日,2015年 5 月 8 日,False,C. 2015年5月6日,1
下列说法哪个是正确的？,分案申请不能作为要求本国优先权的基础,申请人可以以发明专利申请为基础，提出实用新型专利分案申请,要求本国优先权的在后申请的发明人应当与在先申请的发明人一致或者部分一致,申请人应当在其分案申请递交日起三个月内提交原申请的申请文件副本， 期满未提交的， 分案申请将被视为未提出,False,A.分案申请不能作为要求本国优先权的基础,1
下列哪个主体不能作为专利申请人？,某研究所课题组,某有限责任公司,某监狱服刑人员,某十四周岁的中学生,False,B. 某有限责任公司,0
国家知识产权局于 2014 年 3 月 6 日向申请人刘某发出其申请视为撤回通知书， 但该通知书由于地址不详被退回，国家知识产权局于 2014 年 5 月 29 日公告送达。刘某最迟应当在哪天缴纳恢复权利请求费？,2014年 5 月 21 日,2014年 7 月 29日,2014 年 8 月 13 日,2014年 8 月 29 日,False,B. 2014年 7 月 29日,0
下列关于实用新型专利申请的主动修改，哪个说法是正确的？,申请人可以自申请日起 2 个月内提出主动修改,申请人可以自收到受理通知书之日起 3 个月内提出主动修改,超出修改期限的修改文件，国家知识产权局一律不予接受,对权利要求书的修改仅限于权利要求的删除、合并和技术方案的删除,False,对权利要求书的修改仅限于权利要求的删除、合并和技术方案的删除,0
申请人对国家知识产权局作出的下列哪个决定不服的，可以向专利复审委员会请求复审？,专利申请视为撤回的决定,驳回专利申请的决定,不予受理专利申请的决定,视为未要求优先权的决定,False,B. 驳回专利申请的决定,1
某件被驳回的发明专利申请，申请人为甲、乙，发明人为丙、丁。下列哪个复审请求应当被受理？,甲和乙中任何一人或者其二者共同提出的复审请求,丙和丁中任何一个或者其二者共同提出的复审请求,甲和乙共同提出的复审请求,甲、乙、丙、丁共同提出的复审请求,False,D. 甲、乙、丙、丁共同提出的复审请求,0
复审请求人甲某在复审程序中对申请文件进行了修改，下列哪个修改符合相关规定？,驳回理由是权利要求 1 不具备创造性，甲某对权利要求进行修改时将权利要求 1 的类型由方法修改为产品,驳回理由是权利要求 1得不到说明书支持， 甲某对权利要求进行修改时增加了一项从属权利要求,驳回理由是权利要求 1不具备创造性， 甲某对权利要求进行修改时将权利要求 1 中的一个技术特征删除,驳回理由是权利要求 1 缺少必要技术特征， 甲某对权利要求进行修改时将说明书中相应技术方案的特征补入到权利要求 1 中,False,"D. 驳回理由是权利要求 1 缺少必要技术特征,甲某对权利要求进行修改时将说明书中相应技术方案的特征补入到权利要求 1 中。",1
在下列哪个情形下无效宣告程序终止？,请求人请求撤回其无效宣告请求， 但专利复审委员会认为根据已进行的审查工作能够作出宣告专利权无效的决定,专利权人未提交口头审理回执，也未参加口头审理,当事人在收到无效宣告请求审查决定之日起三个月内未向人民法院起诉,专利复审委员会对无效宣告请求作出维持专利权有效的审查决定,False,C. 当事人在收到无效宣告请求审查决定之日起三个月内未向人民法院起诉,1
复审请求人丁某收到专利复审委员会发出的口头审理通知书后，其下列哪个做法不符合相关规定？,丁某不参加口头审理，委托两名专利代理人参加,丁某在指定的期限内进行书面意见陈述，不参加口头审理,丁某未进行书面意见陈述，在指定日期参加口头审理,丁某与其委托的四名专利代理人在指定的日期参加口头审理,False,"C. 丁某未进行书面意见陈述,在指定日期参加口头审理。根据《专利法》第38条规定,复审请求人在收到专利复审委员会发出的口头审理通知书后,应当在通知书指定的期限内进行书面意见陈述。",0
某发明专利，申请日为 2008 年 8 月 1 日，优先权日为 2007 年 9 月 1 日，公布日为 2009 年1 月 10 日，授权公告日为 2012 年 3 月 1 日。该专利权的期限届满日是哪一天？,2027年 9 月 1 日,2028年 8 月 1 日,2029 年 1 月 10 日,2032年 3 月 1 日,False,D. 2032年3月1日,0
下列关于诉前停止侵权行为的说法哪个是正确的？,专利权人提出诉前责令停止侵权行为的申请时，应当提供担保,专利权人可以向管理专利工作的部门提出诉前责令停止侵权行为的申请,专利实施许可合同的被许可人不能单独提出责令停止侵权行为的申请,当事人对责令停止侵权行为的裁定不服的，可以申请复议或提起上诉,False,B. 专利权人可以向管理专利工作的部门提出诉前责令停止侵权行为的申请,0
甲公司拥有一项产品发明专利，其权利要求包括 a、b、c、d 四个特征，其中 a、b、c 三个特征属于必要技术特征。未经甲公司许可，乙公司制造的下列哪个产品侵犯甲公司的专利权？,产品包括特征 a、b、c、f，其中特征 f 是记载在甲公司专利说明书中的特征,产品包括特征 b、c、d、e,产品包括特征 a、b’、c，其中 b’与 b 是等同的技术特征,产品包括特征 a、b、c、d、g，其中特征 g 是没有记载在甲公司专利说明书中的特征,False,"D. 产品包括特征 a、b、c、d、g,其中特征 g 是没有记载在甲公司专利说明书中的特征。",1
下述说法哪个是错误的？,中国采用国际专利分类法对发明专利申请进行分类,中国采用国际专利分类法对实用新型专利申请进行分类,中国采用洛迦诺分类法对实用新型专利申请进行分类,中国采用洛迦诺分类法对外观设计专利申请进行分类,False,C. 中国采用洛迦诺分类法对实用新型专利申请进行分类,1
下列说法哪个是正确的？,发明专利申请经初步审查合格，自申请日起满 18 个月公告授权,专利申请涉及国防利益需要保密的， 经国防专利机构审查没有发现驳回理由的， 由国防专利机构作出授予国防专利权的决定,授予专利权的外观设计与现有设计或者现有设计特征的组合相比，应当具有明显区别,实用新型专利申请经实质审查没有发现驳回理由的， 由国家知识产权局作出授予实用新型专利权的决定,False,"D. 实用新型专利申请经实质审查没有发现驳回理由的,由国家知识产权局作出授予实用新型专利权的决定",0
甲于 2013年 7 月 7 日完成一项发明创造，并于 2013年 7 月 8 日下午到当地的专利代办处面交了专利申请；乙于 2013年 7 月 4 日独立完成相同发明创造，并于 2013年 7 月 7 日通过快递公司提交申请文件，专利局受理处于次日上午收到该申请文件。如果两件申请均符合其他授权条件，则专利权应当授予谁？,甲,乙,甲和乙,甲和乙协商确定的人,False,C. 甲和乙,0
根据《专利代理条例》下列哪个人或机构可以接受委托人的委托，以委托人的名义在代理权限范围内，办理专利申请或者办理其他专利事务？,专利代理人,专利代理机构,有专利代理资格证的人,有民事行为能力的自然人,False,B. 专利代理机构,1
下列哪个属于实用新型专利保护的客体？,一种采用新程序控制的垃圾桶,一种制作卡通形象垃圾桶的模具,一种用于制作垃圾桶的新材料,一种为了美观而将外形设计为动物形象的垃圾桶,False,D. 一种为了美观而将外形设计为动物形象的垃圾桶,0
下列哪个主题可获得外观设计专利权？,以企业商标标识为主体内容的瓶贴设计,手机屏幕壁纸的设计,艺术花瓶的设计,可批量印制的摄影作品,False,C. 艺术花瓶的设计,1
下列哪个属于不可获得专利权的主题？,一种用转基因方法培育的黑色玉米品种,一种必须经主管机关批准方能生产的武器,一种生产放射性同位素的设备,一种制造假肢的方法,False,A. 一种用转基因方法培育的黑色玉米品种,1
某发明专利申请的申请日为 2012年 12 月 25日。下列出版物均记载了与该申请请求保护的技术方案相同的技术内容，哪个会导致该申请丧失新颖性？,2012年 12 月印刷并公开发行的某中文期刊,在 2012年 12 月 25 日召开的国际会议上发表的学术论文,2012年 11月出版的专业书籍，该书籍印刷后仅在某些地区的新华书店出售,该发明申请人于 2012 年 11 月 2 日向国家知识产权局提出的实用新型专利申请，该实用新型专利申请于 2013年 2 月 5 日被申请人主动撤回,False,B. 在 2012年 12 月 25 日召开的国际会议上发表的学术论文。,0
某发明专利申请要求保护一种光催化剂的制备方法，其中采用 A 工艺，并对干燥温度进行了限定。某现有技术记载了采用 A 工艺制备同种光催化剂的方法， 其中干燥温度为 50℃～100℃。相对于该现有技术，该发明专利申请的哪个权利要求不具备新颖性？,一种光催化剂的制备方法，采用 A 工艺，其特征在于干燥温度为 40℃～90℃,一种光催化剂的制备方法，采用 A 工艺，其特征在于干燥温度为 58℃,一种光催化剂的制备方法，采用 A 工艺，其特征在于干燥温度为 60℃～75℃,一种光催化剂的制备方法，采用 A 工艺，其特征在于干燥温度为 40℃～45℃,False,"～45°C
答案: 相对于该现有技术,该发明专利申请的干燥温度为58°C的权利要求不具备新颖性。",0
关于发明的创造性，下列说法哪个是正确的？,发明具有显著的进步，就是要求发明不能有负面的技术效果,判断创造性时，应当考虑申请日当天公布的专利文献中的技术内容,发明在商业上获得成功，则应该认定其具有创造性,如果发明是所属技术领域的技术人员在现有技术的基础上仅仅通过合乎逻辑的分析、 推理即可得到，则该发明是显而易见的，也就不具备突出的实质性特点,False,"D. 如果发明是所属技术领域的技术人员在现有技术的基础上仅仅通过合乎逻辑的分析、推理即可得到,则该发明是显而易见的,也就不具备突出的实质性特点。",1
下列哪个选项中的外观设计不属于相同或实质相同的外观设计？,一款座椅的外观设计和与该款座椅外观相同的手机支架外观设计,一款圆珠笔和一款自动铅笔的外观设计，二者除笔尖设计不同外其余设计均相同,一款具有电子时钟和收音机双功能产品的外观设计，与一款纯电子时钟功能的产品外观设计，二者形状、图案和色彩设计相同,一件珠宝盒的专利外观设计，与一件包装盒的专利外观设计，二者形状、图案和色彩设计相同,False,B.圆珠笔和自动铅笔的外观设计,0
下列各项所示实用新型的名称，哪个是正确的？,一种苹果牌手机,一种轮胎及包含该轮胎的汽车,一种遥控技术,一种睡袋及其使用方法,False,D. 一种睡袋及其使用方法,0
下列说法哪个是正确的？,某项权利要求中记载 “温度超过 100℃”，是指温度大于 100℃，不包括 100℃本数在内,某项组合物权利要求中记载了某组份含量的数值范围 “10－20 重量份 ”，为了支持该数值范围，说明书实施例中必须相应给出 10重量份和 20重量份的实施例,一项制备方法权利要求可以撰写如下： 一种生产薄膜的技术， 其特征在于将树脂 A、填料 B、抗氧剂 C 加入混合机中混合，然后将混合物热成型为薄膜,一项使用方法权利要求可以撰写如下：一种化合物 K，该化合物用作杀虫剂,False,"答案: 下列说法中,正确的是C.制备方法权利要求可以撰写如下:一种生产薄膜的技术,其特征在于将树脂 A、填料 B、抗氧剂 C 加入混合机中混合,然后将混合物热成型为薄膜。",0
某专利申请的权利要求书如下：“1、一种枕头，其特征在于：由枕套和枕芯组成。2、根据权利要求 1 所述的枕套，其特征在于：枕套中间设置为凹面。3、根据权利要求 1 所述的枕头，其特征在于：凹面深度为 8cm。4、根据权利要求 1 和 3 所述的枕头，其特征在于：枕套两端设置两个如附图所示的不同高度的平面。 ”上述从属权利要求有几处错误？,2,3,4,5,False,C. 4,1
关于权利要求是否得到说明书的支持，下列说法哪个是正确的？,纯功能性的权利要求必然得不到说明书的支持,独立权利要求得到说明书的支持，其从属权利要求必然得到说明书的支持,权利要求的技术方案在说明书中存在一致性的表述，则该权利要求必然得到说明书的支持,产品权利要求得到说明书的支持，则制备该产品的方法权利要求也必然得到说明书的支持,False,"B. 独立权利要求得到说明书的支持,其从属权利要求必然得到说明书的支持",0
关于实用新型专利申请，下列说法哪个是正确的？,说明书摘要可以作为修改说明书的依据,说明书附图不得仅有表示产品效果、性能的附图,说明书文字部分可以有表格，必要时也可以有插图，例如流程图,原始说明书附图不清晰，可以通过重新确定申请日方式补入清晰附图,False,A.说明书摘要可以作为修改说明书的依据,0
常某于 2015年 1 月 18 日向国家知识产权局提交了一件实用新型专利申请， 该申请享有 2014年 8 月 20日的优先权日，后发现所提交申请遗留了附图 2，而说明书中写有对该附图 2 的说明，常某于 2015年 3 月 18 日补交了附图 2，经审查国家知识产权局接受了该附图 2，该申请于 2015年 5 月 19日被公告授予专利权。该实用新型专利于下列哪个日期届满？,2024年 8 月 20 日,2025年 1 月 18日,2025 年 3 月 18 日,2025年 5 月 19 日,False,D. 2025年5月19日,0
申请人通过 EMS 给专利局审查员王某邮寄了一份答复文件，寄出的邮戳日为 2016年 7 月 3日，收到地邮局的邮戳日为 2016年 7 月 7 日，审查员王某于 2016年 7 月 9 日收到了该答复文件，并于 2016年 7 月 10 日转交到专利局受理处，该答复文件的递交日应被认定为哪一天？,2016年 7 月 3 日,2016年 7 月 7 日,2016 年 7 月 9 日,2016年 7 月 10 日,False,B. 2016年 7 月 7 日,0
在满足其他受理条件的情况下，下列哪个专利申请应当予以受理？,某台湾地区的个人作为第一署名申请人， 其经常居住地和详细地址均位于台湾地区， 未委托专利代理机构,某在中国内地没有营业所的香港企业作为第一署名申请人与深圳某企业共同申请专利， 未委托专利代理机构,某澳门居民作为第一署名申请人， 其经常居住地和详细地址均位于澳门， 未委托专利代理机构，指定居住于中国内地的亲友作为联系人,某营业所位于上海的外国独资企业申请专利，未委托专利代理机构,False,"B. 某在中国内地没有营业所的香港企业作为第一署名申请人, 其经常居住地和详细地址均位于香港, 未委托专利代理机构",0
一件发明专利申请的优先权日为 2012年 7 月 18 日，申请日为 2013 年 6 月 30 日，国家知识产权局于 2016年 1 月 20 日发出授予发明专利权通知书，告知申请人自收到通知书之日起两个月内办理登记手续，申请人在办理登记手续时，应缴纳第几年度的年费？,第一年度,第二年度,第三年度,第四年度,False,B. 第二年度,0
关于实用新型专利权评价报告，下列说法哪个是正确的？,评价报告可以作为审理、处理专利侵权纠纷的证据,只有专利权人有资格作为专利权评价报告的请求人,专利权评价报告仅涉及对新颖性和创造性的评价,请求人对评价报告结论不服的，可以提起行政复议,False,A. 评价报告可以作为审理、处理专利侵权纠纷的证据,1
以下哪个情形可以申请行政复议？,专利申请人对驳回专利申请决定不服的,复审请求人对复审请求不予受理通知书不服的,复审请求人对复审请求审查决定不服的,集成电路布图设计登记申请人对驳回登记申请的决定不服的,False,D.集成电路布图设计登记申请人对驳回登记申请的决定不服的,0
下列向专利复审委员会提出的复审请求， 在满足其他受理条件的情况下， 哪个应当予以受理？,甲和乙共有的发明专利申请被驳回，甲独自提出复审请求,某公司的发明专利申请被驳回，该申请的发明人提出复审请求,申请人李某自收到驳回决定之日起二个月内提出复审请求,申请人赵某对国家知识产权局做出的专利申请视为撤回通知书不服提出的复审请求,False,D. 申请人赵某对国家知识产权局做出的专利申请视为撤回通知书不服提出的复审请求,0
对于实用新型专利权，下列哪个不属于无效宣告请求的理由？,权利要求书没有清楚地说明要求保护的范围,PCT 国际申请经修改后被授权，其授权的权利要求所要求保护的技术方案超出了原始提交的国际申请文件所记载的范围,说明书及附图存在错误，导致说明书没有对所要求保护的实用新型作出清楚、完整的说明,授权的多项独立权利要求之间缺乏单一性,False,"C. 说明书及附图存在错误,导致说明书没有对所要求保护的实用新型作出清楚、完整的说明。",0
陈某于 2010年 3 月 4 日以某日本专利文献为证据就某专利权提出无效宣告请求，其提交了该专利文献的原文，但未提交其中文译文。专利复审委员会受理了该无效宣告请求，并于 2010年 3 月 6 日向双方发出受理通知书。下列说法哪个是正确的？,陈某应当在 2010 年 4 月 4 日前提交该日本专利文献的译文,陈某应当在 2010 年 4 月 6 日前提交该日本专利文献的译文,陈某应当在 2010年 4 月 21日前提交该日本专利文献的译文,陈某可以在 2010 年 6 月 2 日举行口头审理的当天提交该日本专利文献的译文,False,B. 陈某应当在 2010年 4 月 6日前提交该日本专利文献的译文,0
甲于 2011年 2 月 1 日提交了一项涉及产品 X 的发明专利申请，该申请于 2012 年 8 月 1 日被公布，并于 2014年 5 月 1 日获得授权；乙在 2013年 1 月开始制造销售上述产品 X，由于销路不佳，在 2014 年 3 月 30 日停止制造销售行为；丙在 2011年 4 月自行研发了相同产品，并一直进行制造销售。下列说法哪个是正确的？,由于乙制造销售产品 X 的期间在甲专利授权之前，因此无需向甲支付费用,虽然丙是在专利申请公布前独自完成的发明，但也需向甲支付费用,如果甲在 2014年 2 月 1 日知道了乙的制造行为，其有权要求乙立即停止制造销售行为,如果甲在 2014年 2 月 1 日知道了丙的制造行为，其诉讼时效为自 2014 年 2 月 1 日起两年,False,"D. 如果甲在 2014年 2 月 1 日知道了丙的制造行为,其诉讼时效为自 2014 年 2 月 1 日起两年。",0
甲提交了一件发明专利申请，在公布文本中，其权利要求请求保护的技术方案中包括 a、b、c、d 四个技术特征；该申请经过实质审查后被授权，授权公告的权利要求保护的技术方案中包括了 a、b、c、e四个技术特征，其中技术特征 e是记载在申请文件的说明书中的特征，且与技术特征 d 不等同。乙、丙、丁、戊在该申请公布日后至授权公告日之前，分别生产制造了下列相关产品。甲可以要求支付费用的是？,乙生产制造的产品包括了 a、b、c 三个技术特征,丙生产制造的产品包括了 a、b、c、d 四个技术特征,丁生产制造的产品包括了 a、b、c、e四个技术特征,戊生产制造的产品包括了 a、b、c、d、e五个技术特征,False,"C. 丁生产制造的产品包括了 a、b、c、e四个技术特征,且与技术特征 d 不等同。甲可以要求支付费用。",0
下列哪个行为不属于假冒专利的行为？,未经许可在产品包装上标注他人的专利号,销售不知道是假冒专利的产品，并且能够证明该产品合法来源,在产品说明书中将专利申请称为专利,专利权终止前依法在专利产品上标注专利标识，在专利权终止后销售该产品,False,"D. 专利权终止前依法在专利产品上标注专利标识,在专利权终止后销售该产品",1
某 PCT 国际申请的国际申请日是 2012 年 2 月 5 日，优先权日是 2011年 10月 8 日，该国际申请未要求国际初步审查，申请人应在下列哪一期限届满前办理进入中国国家阶段手续？,自 2012 年 2 月 5 日起 30个月,自 2012 年 2 月 5 日起 20 个月,自 2011年 10 月 8 日起 20 个月,自 2011 年 10 月 8 日起 30 个月,False,自 2011年 10月 8日起 30 个月。,0
涉及生物材料的国际申请进入中国国家阶段时， 申请人应当在下列哪个期限内提交生物材料样品的保藏证明和存活证明？,进入实质审查程序之前,国家公布技术准备工作完成之前,办理进入国家阶段手续之日起 6 个月内,办理进入国家阶段手续之日起 4 个月内,False,C. 办理进入国家阶段手续之日起 6 个月内,0
以下关于专利文献种类标识代码中字母含义的说法哪个是正确的？,字母 “B”表示发明专利申请公布,字母 “Y”表示发明专利权部分无效宣告的公告,字母 “U”表示实用新型专利权部分无效宣告的公告,字母 “S表示外观设计专利授权公告或外观设计专利权部分无效宣告的公告 ”,False,字母 “Y”表示发明专利权部分无效宣告的公告。,0
甲公司委托乙公司研发某产品，乙公司指定员工李某承担此项研发任务。后来，为 了加快研发进度，甲公司又派员工周某参与研发。李某和周某共同在研发过程中完成了一项 发明创造。在没有任何约定的情形下，该发明创造申请专利的权利属于下列哪个公司或个 人？,李某和周某,甲公司,乙公司,甲公司和乙公司,False,A. 李某和周某,0
根据《专利代理条例》，下列哪个人或机构可以接受委托人的委托，以委托人的名义 在代理权限范围内，办理专利申请或者其他专利事务？,某产权交易所,某获得专利代理机构执业许可证的律师事务所,刚刚取得专利代理师资格的甲,具有专利代理师资格且执业多年的乙,False,D. 具有专利代理师资格且执业多年的乙,0
下面哪项属于外观设计的保护客体？,蒙娜丽莎油画,王者荣耀游戏界面,刻有文字的花瓶,依山而建的别墅,False,A. 蒙娜丽莎油画;B. 王者荣耀游戏界面;C. 刻有文字的花瓶;D. 依山而建的别墅。,0
甲于2019年2月10日在我国政府主办的一个国际展览会上首次展出了其研制的新产 品。乙于2019年7月11日独立作出了与甲完全相同的新产品，并于2019年7月16日提出了专利 申请。甲于2019年8月2日也提出了专利申请，并提出了不丧失新颖性宽限期声明且附有证据。 下列说法中正确的是？,甲的发明在其申请日前已经被公开，因此不能被授予专利权,甲于2019年2月10日将其新产品进行展出的行为不影响其获得专利权,乙的发明是独立作出的，因此可以被授予专利权,甲的发明享有6个月的不丧失新颖性宽限期，因此可以被授予专利权,False,"A.甲的发明在其申请日前已经被公开,因此不能被授予专利权",0
甲公司发明了一种新的为实现原子核变换而增加粒子能量的粒子加速方法X。同时甲 公司发明了一种设备Y，设备Y能以方法X对粒子加速来完成原子核变换。假设方法X和设备Y 满足其他授予专利权的条件，下列说法正确的是？,只有方法X能被授予专利权,只有设备Y能被授予专利权,方法X和设备Y都不能被授予专利权,方法X和设备Y都能被授予专利权,False,D. 方法X和设备Y都能被授予专利权,1
下列申请主题哪个可以被授予实用新型专利权？,一种添加有防腐剂的饮料,一种模具的制作方法,一种包含有指纹识别装置的防盗锁,一种表面图案为乘法口诀的扑克,False,C. 一种包含有指纹识别装置的防盗锁,1
某发明专利申请的申请日为2019年3月20日。下列出版物均记载了与该申请请求保护 的技术方案相同的技术内容，哪个会导致该申请丧失新颖性？,2019年3月印刷并公开发行的某中文期刊,在2019年3月20日召开的国际会议上发表的学术论文,2019年2月出版的专业书籍，该书籍印刷后仅在某些地区的新华书店出售,该发明申请人于2019年3月2日向国家知识产权局提出实用新型专利申请，该实用新 型专利申请于2019年3月20日被申请人主动撤回,False,B. 在2019年3月20日召开的国际会议上发表的学术论文,0
下列权利要求表述清楚的是？,一种组合物，其包括A和B，其中，A是C等,一种燃烧器，其特征在于混合燃烧室有正切方向的燃料进料口,一种储气罐，其由金属例如钢制成,一种醇，其链长约为3个碳原子,False,"A.一种组合物,其包括A和B,其中,A是C等
B.一种燃烧器,其特征在于混合燃烧室有正切方向的燃料进料口
C.一种储气罐,其由金属例如钢制成
D.一种醇,其链长约为3个碳原子",0
下列权利要求的主题名称清楚的是？,一种双向气缸的密封技术,一种高聚合塑料及其制造方法,一种气悬浮柔性物质的输送及定位,一种使用砖坯回转窑传输装置生产保温砖的方法,False,A. 一种双向气缸的密封技术,0
下列哪个情形符合生物材料保藏要求？,申请人自申请日起第4个月在国家知识产权局认可的保藏单位进行了生物保藏，并提 交了保藏及存活证明,申请人于申请日前4个月在国家知识产权局认可的保藏单位进行了生物保藏，在申请 日后的第5个月提交了保藏及存活证明,申请人于申请日前1个月在国家知识产权局认可的保藏单位进行了生物保藏，在申请 日后的第2个月提交了保藏及存活证明,申请人于申请日当天在其学校的国家重点生物实验室自行进行了生物保藏，在申请 日后的第2个月提交了保藏及存活证明,False,"D. 申请人于申请日当天在其学校的国家重点生物实验室自行进行了生物保藏,在申请日后的第2个月提交了保藏及存活证明。",0
某发明专利申请已经被视为撤回且未恢复权利，针对该申请提出的分案申请，下列 说法正确的是？,分案申请视为未提出，该分案申请作新申请处理,分案申请视为未提出，该分案申请作结案处理,分案申请成立与否取决于其内容是否超出原申请公开的范围,分案申请不成立，该分案申请将被驳回,False,C. 分案申请成立与否取决于其内容是否超出原申请公开的范围,0
甲2001年10月向美国提出首次申请，其中权利要求请求保护技术方案A1，说明书还 描述了技术方案A2。甲后于2001年12月向德国也提出一份申请，其中权利要求请求保护技术 方案A1和A3。2002年5月，甲又向中国国家知识产权局提出申请，请求保护技术方案A1、A2 和 A3，并要求享有美国和德国的优先权。下列说法正确的是？,方案A1、A3能享有优先权，A2不能享有优先权,方案A1、A2能享有优先权，A3不能享有优先权,方案A3能享有优先权，A1、A2不能享有优先权,A1、A2 和A3都能享有优先权,False,D. A1、A2 和 A3都能享有优先权,1
国家知识产权局于2018年2月13日向申请人孙某发出视为放弃取得专利权通知书， 但该通知书由于地址不清被退回。国家知识产权局通过公告方式通知申请人孙某，公告日为 2018年4月18日，孙某于2018年5月10日得知此公告。孙某最迟应当在哪天办理恢复权利手 续？,2018年6月18日,2018年7月10日,2018年7月18日,2018年6月3日,False,B. 2018年7月10日,0
关于委托专利代理机构办理专利事务，下列说法正确的是？,在苏州设立的某日本独资企业在中国申请专利，必须委托专利代理机构,某英国公司作为第一署名申请人与北京某国有企业共同在中国申请专利，必须委托 专利代理机构,香港、澳门或者台湾地区的申请人向国家知识产权局提交专利申请，必须委托专利 代理机构,委托专利代理机构申请专利的，解除委托时必须征得专利代理机构的同意,False,"C. 香港、澳门或者台湾地区的申请人向国家知识产权局提交专利申请,必须委托专利代理机构。",1
同一申请人同日对同样的发明创造既提交了发明专利申请，又提交了实用新型专利 申请，并于申请日进行了声明。如果先获得的实用新型专利权尚未终止，而发明专利申请符 合其他可以授予专利权的条件，申请人声明放弃实用新型专利权的，放弃的实用新型专利权 自下列哪日终止？,发明专利权的授权公告日,放弃实用新型专利权声明的提交日,实用新型的申请日,实用新型的授权公告日,False,C. 实用新型的申请日,0
专利权授予之后，专利的法律状态以下列哪项记载的法律状态为准？,专利证书,专利登记簿,专利公告,手续合格通知书,False,A. 专利证书,0
一件实用新型专利的申请日为2000年5月15日，授权公告日为2001年6月20日，关于 专利权期限，下列说法正确的是？,该专利的期限为2000年5月15日至2020年5月14日（周四）,该专利的期限为2000年5月16日至2010年5月15日,该专利期满终止日为2010年5月15日（周六）,该专利期满终止日为2010年5月17日（周一）,False,B. 该专利的期限为2000年5月16日至2010年5月15日,0
下列关于发明人的说法正确的是？,发明人是指对发明创造的实质性特点做出创造性贡献的人,请求书中发明人可以填写为“某课题组”,申请人提交文件后发现发明人姓名的文字有错误，将“王立”错写成“王丽”，申 请人应通过补正更正,发明人就其完成的任何发明创造均有权申请专利,False,"A.发明人是指对发明创造的实质性特点做出创造性贡献的人
B.发明人可以填写为“某课题组”
C.申请人提交文件后发现发明人姓名的文字有错误,应通过补正更正",0
甲提出一项发明专利申请，其权利要求书包括独立权利要求1及其从属权利要求2-6。 国家知识产权局以独立权利要求1相对于对比文件1和2的结合缺乏创造性为由驳回了该专利 申请。甲不服，就此提出复审请求，下列做法不能被允许的是？,删除独立权利要求1,用从属权利要求2的部分特征进一步限定独立权利要求1，并在从属权利要求2中删除相应的特征,将独立权利要求1由产品权利要求改为专用于制造该产品的方法权利要求,只陈述独立权利要求1相对于对比文件1和2的结合具备创造性的理由,False,"B. 用从属权利要求2的部分特征进一步限定独立权利要求1,并在从属权利要求2中删除相应的特征。",0
针对一项有效的中国专利，王某提出无效宣告请求，其中使用了一件在美国形成的域外证据，下列说法错误的是？,该证据需经美国公证机关予以证明，并经中国驻美国使领馆予以认证,该证据需经中国公证机关予以证明，并经美国驻中国使领馆予以认证,如果该证据可以从国内公共图书馆获得，无需办理有关公证和认证手续,如果对方当事人认可该证据的真实性，无需办理有关公证和认证手续,False,"A. 该证据需经美国公证机关予以证明,并经中国驻美国使领馆予以认证",0
关于专利无效宣告程序，下列说法错误的是？,无效宣告程序是专利公告授权后的程序,无效宣告程序是依当事人请求而启动的程序,无效宣告程序中，专利权人可以修改专利说明书和附图,宣告专利权无效的决定，由国务院专利行政部门登记和公告,False,无效宣告程序是依当事人请求而启动的程序。,0
申请人对国家知识产权局作出的下列哪个决定不服可以请求复审？,不予受理实用新型专利申请的决定,视为未要求优先权的决定,发明专利申请视为撤回的决定,驳回外观设计专利申请的决定,False,A.不予受理实用新型专利申请的决定,0
在满足其他受理条件的情况下，下列哪个复审请求应当予以受理？,甲和乙共有的发明专利申请被驳回后，甲独自提出复审请求,某公司的发明专利申请被驳回，该申请的发明人作为复审请求人提出复审请求,申请人自收到驳回决定之日起二个月内提出复审请求,申请人对国家知识产权局做出的专利申请视为撤回通知书不服提出复审请求,False,C.申请人自收到驳回决定之日起二个月内提出复审请求,0
专利权人对于正在实施的侵权行为，可以在诉前申请采取责令停止有关行为的措施，下列说法正确的是？,利害关系人提出诉前责令停止侵权行为的申请时，可以不提供担保,利害关系人可以向管理专利工作的部门提出诉前责令停止侵权行为的申请,只有独占实施许可合同的被许可人可以单独向人民法院提出申请,当事人对责令停止侵权行为的裁定不服的，可以申请复议,False,"B. 利害关系人可以向管理专利工作的部门提出诉前责令停止侵权行为的申请;C. 只有独占实施许可合同的被许可人可以单独向人民法院提出申请;D. 当事人对责令停止侵权行为的裁定不服的,可以申请复议。",0
下列关于专利推广应用的说法正确的是？,实用新型专利可以被推广应用,只有国有企事业单位的发明专利才能被推广应用,国内专利权人的专利都可以被推广应用,推广应用后，实施单位需要向人民政府支付使用费用,False,C. 国内专利权人的专利都可以被推广应用,0
某PCT国际申请有两个申请人，第一申请人的国籍和居所均为美国，第二申请人的 国籍为韩国、居所为中国。下列说法错误的是？,中国国家知识产权局不可以作为该国际申请的主管受理局,美国专利商标局可以作为该国际申请的主管受理局,申请人可以向国际局提交该国际申请,韩国知识产权局可以作为该国际申请的主管受理局,False,B. 美国专利商标局可以作为该国际申请的主管受理局,0
由哪些国际检索单位作出国际检索报告的PCT国际申请，在进入中国国家阶段并提 出实质审查请求时，只需要缴纳80%的实质审查费？,中国、美国、日本,美国、日本、俄罗斯,日本、欧洲、瑞典,日本、欧洲、瑞士,False,B. 美国、日本、俄罗斯,0
下列关于文献种类代码与专利类型对应关系说法错误的是？,U、Y用于标识实用新型专利,A用于标识发明专利申请,B、C用于标识发明专利,D、S用于标识外观设计专利,False,A. U、Y用于标识实用新型专利,0
下列哪个机关依法具有处理侵犯专利权纠纷的职能？,省、自治区、直辖市人民政府设立的管理专利工作的部门,县人民政府设立的管理专利工作的部门,设区的市人民政府,国家知识产权局,False,D. 国家知识产权局,0
"2015 年 11 月 10 日，张某与甲电子技术公司终止了劳动合同，之后，张某于 2016 年 12 月 8 日作出了
一项与其在甲电子技术公司的本职工作相关的发明创造。那么就该发明创造申请专利的权利属于谁？",甲公司,甲公司和张某,张某,由甲公司和张某协商决定,False,B. 甲公司和张某,0
"王某拥有一项实用新型专利权，2017 年 5 月 5 日，王某和张某签订了专利权转让合同，但没有到国家知
识产权局进行登记。此后，王某又于 2017 年 7 月 3 日与刘某签订了专利权转让合同，并于 2017 年 7 月 14
日到国家知识产权局进行了登记。2017 年 8 月 1 日国家知识产权局对该项专利权的转让进行了公告。那么
下列哪个说法是正确的?",该专利权的转让自 2017 年 5 月 5 日起生效,该专利权的转让自 2017 年 7 月 3 日起生效,该专利权的转让自 2017 年 7 月 14 日起生效,该专利权的转让自 2017 年 8 月 1 日起生效,False,B. 该专利权的转让自 2017 年 7 月 3 日起生效,0
"张某向国家知识产权局提交了一项发明专利申请，2017 年 7 月 4 日，国家知识产权局向张某发出了授予
发明专利权通知书，2017 年 8 月 4 日，张某到国家知识产权局办理了登记手续，同日国家知识产权局对其
专利权进行了登记，并于 2017 年 8 月 17 日进行了公告，2017 年 8 月 24 日，张某收到了国家知识产权局
颁发的专利证书。那么，张某的专利权应当自何时生效？",2017 年 7 月 4 日,2017 年 8 月 4 日,2017 年 8 月 17 日,2017 年 8 月 24 日,False,B. 2017 年 8 月 4 日,0
下列哪个说法是正确的？,年满 60 周岁的专利代理人，不能作为合伙人或股东发起设立新专利代理机构,从事过一年以上的科学技术工作或者法律工作的中国公民，可以申请专利代理人资格,对年龄超过 70 周岁的人员，不能颁发专利代理人执业证,未满 18 周岁的中国公民，可以申请专利代理人资格,False,"B. 从事过一年以上的科学技术工作或者法律工作的中国公民,可以申请专利代理人资格",0
专利代理人李某在代理过程中未履行职责，给委托人造成了经济损失，那么下列哪个说法是正确的？,由李某所在的代理机构承担赔偿责任，李某无需承担赔偿责任,由李某承担赔偿责任，其所在的代理机构无需承担赔偿责任,李某所在的代理机构承担赔偿责任后，可以按一定比例向李某追偿,李某的行为情节严重，由其所在的专利代理机构给予批评教育,False,"B. 由李某承担赔偿责任,其所在的代理机构无需承担赔偿责任",0
代表人可以代表全体申请人在国家知识产权局办理下列哪种手续？,提出专利申请,委托专利代理,转让专利申请权,答复补正通知书,False,代表人可以代表全体申请人在国家知识产权局办理A.提出专利申请,0
关于申请日的确定，以下说法正确的是？,向国家知识产权局受理处窗口直接递交的分案申请，以收到日为申请日,通过邮局邮寄递交到国家知识产权局受理处的专利申请，以寄出的邮戳日为申请日,通过速递公司递交到国家知识产权局受理处的专利申请，以寄出的邮戳日为申请日,通过邮局邮寄到国家知识产权局收发室的专利申请，以收发室收到日为申请日,False,"向国家知识产权局受理处窗口直接递交的分案申请,以收到日为申请日。",0
以下哪种情况不需要进行向外国申请专利的保密审查？,外国公司将在中国完成的发明向外国申请专利,外国个人将在中国完成的发明提交 PCT 国际申请,中国公司将在中国完成的实用新型向外国申请专利,中国个人将在中国完成的外观设计向外国申请专利,False,D. 中国个人将在中国完成的外观设计向外国申请专利,1
"申请人于 2017 年 6 月 1 日通过邮局向国家知识产权局寄出一份 PCT 国际申请。国家知识产权局于 2017
年 6 月 9 日收到该申请。经审查发现，申请人提交了请求书、说明书和权利要求书，但未提交摘要，且未
在请求书上签字。后申请人于 2017 年 7 月 6 日补交经申请人签字的请求书替换页，于 2017 年 7 月 7 日补
交摘要，则该 PCT 申请的国际申请日是？",2017 年 6 月 1 日,2017 年 6 月 9 日,2017 年 7 月 6 日,2017 年 7 月 7 日,False,C. 2017 年 7 月 6 日,0
"一件 PCT 国际申请，国际申请日是 2017 年 3 月 29 日，优先权日是 2016 年 4 月 11 日。国
际检索单位于 2017 年 7 月 17 日将国际检索报告传送给国际局和申请人。根据专利合作条约第 19 条的规定，
对权利要求书提出修改的最晚期限是？",2017 年 8 月 11 日,2017 年 9 月 17 日,2017 年 10 月 15 日,2018 年 2 月 11 日,False,C. 对权利要求书提出修改的最晚期限是2017年10月15日。,0
"PCT 国际申请在办理进入中国国家阶段手续时，如果核苷酸和/或氨基酸序列表部分纸页在( )以上，
申请人可以只提交符合规定的计算机可读形式的序列表。",100 页,200 页,300 页,400 页,False,D. 400 页,1
提出实用新型专利申请时，如果没有附图，国家知识产权局将如何处理？,发出补正通知书要求申请人补交附图,发出审查意见通知书要求申请人补交附图,不予受理，并发出不予受理通知书,予以处理，并发出受理通知书,False,A. 发出补正通知书要求申请人补交附图,0
下列哪一主题属于实用新型的保护客体？,一种生活晾绳,动物标本,一种玻璃水,织物中掺入荧光粉而形成的荧光织物,False,D. 织物中掺入荧光粉而形成的荧光织物,0
关于实用新型专利权评价报告，下列说法哪个是正确的？,"实用新型专利申请人可以在答复审查意见通知书期间请求对该专利申请作出专利权评价报告，国家知识
产权局可应此请求作出评价报告","对于被专利复审委员会宣告全部无效的实用新型专利，专利权人或者利害关系人可以请求国家知识产权
局对该专利权作出评价报告","专利权人对于应其请求作出的评价报告结论不服的，由利害关系人再次向国家知识产权局提出评价请求
后，国家知识产权局可再次作出专利权评价报告",专利权评价报告作出后，对该专利提出无效宣告请求的请求人可以查阅并复制该评价报告,False,"专利权评价报告作出后,对该专利提出无效宣告请求的请求人可以查阅并复制该评价报告。",0
下列关于外观设计专利申请中提交的图片或照片，不符合规定的是？,图片的绘制使用双点划线来表示细长物品的省略部分,在图片中用指示线表示剖切位置和剖切方向,对需要依靠衬托物来清楚显示产品外观设计的申请，拍摄照片时保留了衬托物,对产品设计中不要求进行专利保护的结构采用虚线绘制,False,A. 图片的绘制使用双点划线来表示细长物品的省略部分,0
下列哪个情形不属于专利法第二十三条第二款所述的“现有设计特征”？,现有设计的形状、图案、色彩要素或者其结合,现有设计的产品名称,现有设计的某组成部分的设计,现有设计整体外观设计产品中的零部件的设计,False,D. 现有设计整体外观设计产品中的零部件的设计,0
下列不属于外观设计专利权评价报告所涉及内容的是？,外观设计是否属于专利法第五条或者第二十五条规定的不授予专利权的情形,外观设计是否属于专利法第二条第四款规定的客体,外观设计是否符合专利法第二十三条第三款的规定,外观设计专利文件的修改是否符合专利法第三十三条的规定,False,B.外观设计是否属于专利法第二条第四款规定的客体,0
以下说法哪个是正确的？,一种超强超短激光及其发生器均可获得发明专利保护,塑料薄膜和其制备方法均可获得实用新型专利保护,带有人民币图案的窗帘的外观设计可获得外观设计专利保护,以上说法都错误,False,C. 以上说法都错误,0
关于现有技术的说法，哪个是正确的？,专利法意义上的出版物仅限于纸件出版物,云南白药的保密配方一旦泄露，即属于现有技术,能够使公众得知技术内容的馈赠和交换不属于使用公开,印有“内部资料”字样的出版物一定不属于公开出版物,False,"B. 云南白药的保密配方一旦泄露,即属于现有技术",1
"向国家知识产权局提出的两件发明专利申请甲、乙，如果甲申请构成了乙申请的抵触申请，以下哪个
说法正确？",甲申请只需摘要中记载了乙申请权利要求书内容即可构成乙申请的抵触申请,甲申请可以是进入中国国家阶段的国际专利申请,甲申请可作为评价乙申请创造性的对比文件,甲申请的申请人必须与乙申请的申请人不同,False,B. 甲申请可以是进入中国国家阶段的国际专利申请。,1
"甲向国家知识产权局提出发明专利申请，要求保护一种智能手表，申请日为 2016 年 7 月 18 日，以下
关于宽限期的说法正确的是？","乙于 2016 年 5 月 1 日未经申请人甲的同意泄露其专利申请的内容，申请人甲于 2016 年 7 月 28 日得知
此事，其应当在 2016 年 10 月 28 日之前提出要求不丧失新颖性宽限期的声明，并附具证明材料","甲于 2016 年 1 月 1 日在第 X 届全国电子学术会议上首次发表了该智能手表的技术方案，并于 2016 年 2
月 1 日在广交会上公开展出了其智能手表，则该申请仍可以享有宽限期","甲于 2016 年 2 月 1 日在第 X 届全国电子学术会议上首次发表了该智能手表的技术方案，乙独立做出了
同样的智能手表，并在 2016 年 3 月 1 日提出了专利申请，但由于甲提出宽限期声明，甲仍可以取得专利权","甲于 2016 年 2 月 1 日在第 X 届全国电子学术会议上首次发表了该智能手表的技术方案，乙独立做出了
同样的智能手表，并在 2016 年 3 月 1 日提出专利申请，但 2016 年 2 月 1 日智能手表技术方案的公开破坏
了乙的申请的新颖性，乙的申请不能被授予专利权",False,"B.甲于2016年1月1日在第X届全国电子学术会议上首次发表了该智能手表的技术方案,并于2016年2月1日在广交会上公开展出了其智能手表,则该申请仍可以享有宽限期。",0
以下说法正确的是？,医生处方具有实用性,一种烹调方法属于智力活动的规则和方法，不能授予专利权,一种通过化学试剂诱导微生物随机突变产生新微生物菌株的方法，具有实用性,从某县某地的土壤中分离筛选出一种具有特殊功能的微生物，具有实用性,False,A.医生处方具有实用性,0
以下哪种撰写方式不会导致所在的权利要求保护范围不清楚？,组合物中含有 20%-35%（重量）组分 A,传动器由金属制成，最好是铜,化合物 A 和化合物 B 在高温下反应,操作温度为 30-60 摄氏度，例如 45 摄氏度,False,"D. 操作温度为 30-60 摄氏度,例如 45 摄氏度",0
一项被驳回申请有多个申请人和多个发明人，关于其复审请求的下述哪种说法是正确的?,任何一个或几个申请人提出复审请求都应当被受理,任何一个或几个发明人提出复审请求都应当被受理,只有所有的申请人共同提出复审请求才应当被受理,只有所有的申请人和发明人共同提出复审请求才应当被受理,False,C. 只有所有的申请人共同提出复审请求才应当被受理,1
专利申请人对驳回决定不服的，可以通过下列哪种程序进行救济?,复议程序,复审程序,申诉程序,异议程序,False,A. 复议程序,0
"某专利申请由于权利要求 1 不具备创造性而被驳回，且该申请仅有一项权利要求，申请人提出复审请
求时欲对权利要求书进行修改。下列哪种修改方式可被接受?",权利要求 1 不变，增加从属权利要求 2，权利要求 2 未超出原权利要求书和说明书记载的范围,"对权利要求 1 进行了修改，修改后的权利要求 1 相对于驳回决定针对的权利要求 1 扩大了保护范围，
但并未超出原说明书记载的范围",对权利要求 1 进行进一步限定，新增加了说明书的某一技术特征，未超出原说明书记载的范围,"为消除不具备创造性的缺陷，将原产品类权利要求 1 修改为方法类权利要求，修改内容未超出原说明
书记载的范围",False,"B.对权利要求 1 进行了修改,修改后的权利要求 1 相对于驳回决定针对的权利要求 1 扩大了保护范围,但并未超出原说明书记载的范围",0
无效宣告程序是专利（ ），依（ ）而启动的程序。,申请提交之后 申请人的请求,申请审查中 专利局的职权,公告授权后 专利复审委员会的职权,公告授权后 任何单位或个人的请求,False,"C. 无效宣告程序是专利,依专利复审委员会的职权而启动的程序。",0
无效宣告理由仅限于以下哪项规定的理由？,专利法实施细则第四十四条第一款,专利法实施细则第六十五条第二款,专利法实施细则第六十条第一款,专利法实施细则第六十三条第二款,False,C. 专利法实施细则第六十条第一款,0
"无效宣告请求人在提出无效宣告请求时提交的证据有技术设计图纸，在一个月内补充的证据有日本专
利文献及其中文译文，并在口头审理时提交了硕士论文、《光电技术手册》和技术人员的书面证言作为证据，
请求人结合上述证据详细阐述了被请求专利不具有新颖性和创造性的理由。以下说法哪项是正确的？",专利复审委员会应对请求人提交的所有证据均予以考虑,专利复审委员会应对请求人在口头审理时提交的证据均不予考虑,专利复审委员会应对请求人在口头审理时提交的硕士论文和《光电技术手册》予以考虑,专利复复审委员会应对请求人在口头审理时提交的书面证言不予考虑,False,C. 专利复审委员会应对请求人在口头审理时提交的硕士论文和《光电技术手册》予以考虑。,0
